Stock.txt
JobExpress.txt
FleaMarket.txt
Girls.txt
Mobile.txt
Basketball.txt
D_Computer.txt
V_Suggestions.txt
WorldFootball.txt
WarAndPeace.txt
1213
98
37
1213
4207
1680
1213
122
64
1213
79
42
1213
25
10
1213
73
26
1213
171
93
1213
49
21
1213
23
13
1213
39
19
1213
38
19
1213
29
15
1213
62
34
1213
29
11
1213
330
184
1213
68
36
1213
20
5
1213
111
55
1213
267
130
1213
22
8
1213
29
15
1213
17
11
1213
942
435
1213
13
5
1213
1435
592
1213
17
10
1213
22
7
1213
84
38
1213
884
429
1213
163
89
1213
64
28
1213
45
25
1213
61
35
1213
86
51
1213
100
48
1213
137
76
1213
31
13
1213
140
62
1213
26
12
1213
55
24
1213
23
13
1213
122
64
1213
120
25
1213
14
6
1213
143
74
1213
241
119
1213
103
57
1213
376
175
1213
58
35
1213
174
52
1213
582
133
1213
46
25
1213
174
97
1213
106
59
1213
34
13
1213
72
38
1213
53
29
1213
80
37
1213
12
4
1213
24
13
1213
102
48
1213
83
39
1213
29
13
1213
201
103
1213
30
14
1213
181
71
1213
326
139
1213
169
87
1213
33
14
1213
153
59
1213
281
151
1213
101
57
1213
116
70
1213
175
91
1213
254
119
1213
233
115
1213
39
24
1213
45
26
1213
39
22
1213
81
41
1213
661
254
1213
13
10
1213
27
13
1213
76
44
1213
98
55
1213
79
45
1213
678
439
1213
70
38
1213
37
18
1213
52
25
1213
32
15
1213
29
20
1213
23
6
1213
28
6
1213
37
18
1213
77
44
1213
21
8
1213
18
11
1213
10
7
1213
40
21
1213
48
24
1213
70
37
1213
86
52
1213
15
8
1213
16
6
1213
29
14
1213
99
43
1213
327
198
1213
119
66
1213
113
63
1213
112
54
1213
128
77
1213
30
16
1213
156
89
1213
393
213
1213
130
74
1213
12
7
1213
30
11
1213
18
8
1213
30
20
1213
22
9
1213
12
3
1213
12
2
1213
20
10
1213
22
10
1213
8
2
1213
10
4
1213
129
74
1213
478
254
1213
31
17
1213
569
268
1213
21
9
1213
595
268
1213
130
59
1213
34
18
1213
15
7
1213
204
106
1213
567
257
1213
37
16
1213
141
69
1213
33
20
1213
69
29
1213
88
38
1213
132
63
1213
244
121
1213
70
39
1213
65
33
1213
57
30
1213
18
10
1213
74
32
1213
48
25
1213
36
18
1213
157
80
1213
31
16
1213
76
36
1213
50
25
1213
48
24
1213
120
65
1213
95
45
1213
47
29
1213
191
102
1213
103
53
1213
180
102
1213
137
66
1213
217
111
1213
78
48
1213
350
129
1213
281
155
1213
306
162
1213
48
34
1213
47
24
1213
777
336
1213
100
62
1213
120
71
1213
19
8
1213
170
98
1213
104
64
1213
144
59
1213
2218
1040
1213
172
100
1213
9
1
1213
45
25
1213
143
74
1213
26
11
1213
59
27
1213
13
5
1213
14
7
1213
34
13
1213
130
58
1213
553
338
1213
34
17
1213
25
14
1213
1851
947
1213
38
22
1213
17
5
1213
40
19
1213
42
20
1213
29
13
1213
40
20
1213
30
14
1213
142
59
1213
50
28
1213
74
27
1213
71
30
1213
118
54
1213
29
13
1213
179
89
1213
31
15
1213
34
18
1213
1505
627
1213
47
27
1213
42
27
1213
72
39
1213
58
37
1213
15
5
1213
159
80
1213
161
78
1213
51
27
1213
306
155
1213
17
8
1213
17
9
1213
50
28
1213
19
9
1213
27
12
1213
145
74
1213
684
445
1213
25
11
1213
33
19
1213
28
17
1213
24
11
1213
26
17
1213
153
77
1213
862
416
1213
163
82
1213
75
47
1213
24
11
1213
119
65
1213
281
149
1213
105
65
1213
97
62
1213
213
118
1213
22
10
1213
19
8
1213
49
29
1213
25
13
1213
29
9
1213
17
4
1213
16
4
1213
24
9
1213
13
7
1213
13
3
1213
16
9
1213
22
15
1213
8
5
1213
620
394
1213
17
6
1213
73
48
1213
60
28
1213
31
16
1213
38
21
1213
23
17
1213
1197
782
1213
1256
745
1213
168
103
1213
266
180
1213
424
269
1213
523
303
1213
398
214
1213
470
285
1213
667
421
1213
97
61
1213
278
145
1213
212
111
1213
79
46
1213
184
89
1213
14
8
1213
217
111
1213
162
98
1213
81
50
1213
34
17
1213
254
155
1213
129
64
1213
28
15
1213
26
9
1213
39
24
1213
138
60
1213
39
19
1213
37
23
1213
663
313
1213
26
17
1213
54
35
1213
309
175
1213
589
321
1213
426
298
1213
550
277
1213
286
164
1213
838
420
1213
541
312
1213
495
300
1213
540
343
1213
518
307
1213
18
8
1213
155
88
1213
88
41
1213
95
51
1213
37
19
1213
218
116
1213
292
172
1213
982
564
1213
961
527
1213
655
262
1213
14
7
1213
34
17
1213
43
24
1213
45
26
1213
16
10
1213
50
22
1213
91
50
1213
108
46
1213
25
13
1213
45
27
1213
27
14
1213
3
2
1213
25
4
1213
35
18
1213
40
20
1213
15
7
1213
22
3
1213
30
21
1213
65
35
1213
88
67
1213
695
358
1213
180
75
1213
420
170
1213
31
16
1213
78
39
1213
55
26
1213
43
22
1213
35
13
1213
98
51
1213
151
73
1213
16
6
1213
104
59
1213
33
17
1213
58
24
1213
59
26
1213
102
46
1213
76
38
1213
52
31
1213
25
11
1213
56
30
1213
164
77
1213
21
10
1213
191
109
1213
346
175
1213
11
5
1213
46
21
1213
87
44
1213
111
55
1213
63
38
1213
23
12
1213
21
12
1213
1145
611
1213
30
16
1213
20
9
1213
14
7
1213
61
34
1213
450
240
1213
44
25
1213
19
10
1213
111
62
1213
266
142
1213
117
65
1213
45
24
1213
90
51
1213
58
30
1213
100
57
1213
108
67
1213
96
52
1213
600
310
1213
288
158
1213
758
432
1213
270
157
1213
10
3
1213
16
9
1213
44
16
1213
31
20
1213
41
17
1213
11
6
1213
26
14
1213
114
77
1213
18
10
1213
83
57
1213
90
57
1213
125
80
1213
131
78
1213
44
23
1213
104
72
1213
186
115
1213
39
17
1213
192
119
1213
119
63
1213
313
163
1213
99
67
1213
81
37
1213
18
6
1213
125
63
1213
40
23
1213
1732
902
1213
56
27
1213
60
31
1213
38
22
1213
17
7
1213
48
23
1213
2603
1389
1213
59
27
1213
110
50
1213
20
6
1213
37
21
1213
241
126
1213
153
93
1213
61
35
1213
28
13
1213
45
19
1213
307
172
1213
521
298
1213
667
421
1213
773
433
1213
398
214
1213
2186
1071
1213
1088
641
1213
1952
1016
1213
280
209
1213
1643
884
1213
763
446
1213
67
37
1213
102
58
1213
19
16
1213
214
100
1213
172
91
1213
45
26
1213
127
71
1213
36
12
1213
13
10
1213
79
41
1213
28
15
1213
43
22
1213
561
289
1213
207
138
1213
54
28
1213
20
10
1213
19
11
1213
25
12
1213
47
27
1213
47
26
1213
16
7
1213
37
17
1213
29
13
1213
38
16
1213
20
11
1213
27
13
1213
177
82
1213
30
18
1213
517
338
1213
53
30
1213
53
30
1213
138
49
1213
107
60
1213
22
3
1213
26
11
1213
224
118
1213
18
9
1213
62
28
1213
20
9
1213
32
13
1213
66
33
1213
76
37
1213
92
36
1213
38
16
1213
43
14
1213
503
280
1213
812
391
1213
161
70
1213
336
184
1213
60
33
1213
37
17
1213
364
179
1213
140
80
1213
44
25
1213
155
90
1213
25
12
1213
684
445
1213
684
445
1213
306
165
1213
32
19
1213
37
19
1213
27
15
1213
13
8
1213
18
9
1213
684
445
1213
113
55
1213
245
137
1213
60
31
1213
127
70
1213
149
77
1213
237
124
1213
61
26
1213
73
39
1213
65
27
1213
92
45
1213
17
5
1213
53
20
1213
11
6
1213
15
5
1213
70
50
1213
17
10
1213
15
11
1213
989
606
1213
41
19
1213
25
11
1213
455
231
1213
23
15
1213
13
9
1213
215
106
1213
64
28
1213
51
28
1213
54
30
1213
44
19
1213
30
19
1213
18
9
1213
16
9
1213
43
22
1213
960
544
1213
32
16
1213
6
4
1213
22
13
1213
18
8
1213
192
114
1213
57
31
1213
20
7
1213
72
38
1213
27
13
1213
91
49
1213
99
60
1213
82
41
1213
35
14
1213
90
43
1213
44
21
1213
408
236
1213
98
66
1213
93
52
1213
29
12
1213
50
24
1213
347
192
1213
71
42
1213
77
52
1213
101
59
1213
149
92
1213
78
35
1213
17
11
1213
18
5
1213
78
38
1213
20
6
1213
15
9
1213
26
11
1213
11
6
1213
16
8
1213
32
13
1213
284
123
1213
545
292
1213
230
118
1213
63
37
1213
493
135
1213
26
10
1213
63
38
1213
93
47
1213
265
148
1213
167
97
1213
86
45
1213
30
14
1213
107
83
1213
18
8
1213
63
30
1213
63
31
1213
51
24
1213
54
31
1213
18
10
1213
147
74
1213
364
200
1213
91
45
1213
838
391
1213
455
231
1213
61
35
1213
24
14
1213
71
46
1213
69
40
1213
141
89
1213
97
48
1213
22
10
1213
74
32
1213
177
82
1213
190
107
1213
25
9
1213
116
61
1213
15
7
1213
29
13
1213
93
33
1213
47
19
1213
41
28
1213
95
56
1213
187
117
1213
89
56
1213
77
51
1213
135
85
1213
145
84
1213
66
41
1213
220
105
1213
18
7
1213
89
33
1213
162
89
1213
337
203
1213
17
6
1213
28
15
1213
865
525
1213
94
59
1213
23
10
1213
37
21
1213
581
326
1213
834
480
1213
630
398
1213
896
546
1213
39
21
1213
18
9
1213
92
45
1213
610
275
1213
459
187
1213
119
52
1213
1644
640
1213
19
12
1213
49
28
1213
109
65
1213
418
237
1213
45
25
1213
255
120
1213
79
31
1213
50
16
1213
289
128
1213
205
98
1213
72
34
1213
34
23
1213
1235
635
1213
618
264
1213
272
142
1213
32
12
1213
38
22
1213
30
18
1213
331
175
1213
26
13
1213
18
9
1213
26
12
1213
1494
846
1213
26
13
1213
47
23
1213
40
19
1213
31
12
1213
172
103
1213
17
6
1213
475
264
1213
59
30
1213
29
14
1213
51
28
1213
53
25
1213
26
17
1213
54
25
1213
40
15
1213
51
21
1213
62
37
1213
27
17
1213
20
7
1213
372
193
1213
49
25
1213
40
25
1213
95
44
1213
1143
624
1213
359
160
1213
48
33
1213
82
50
1213
252
141
1213
384
243
1213
1395
880
1213
197
96
1213
282
182
1213
599
340
1213
51
27
1213
404
231
1213
53
28
1213
973
557
1213
85
58
1213
18833
10025
1213
164
83
1213
139
59
1213
991
542
1213
53
24
1213
52
24
1213
69
39
1213
89
36
1213
23
12
1213
67
26
1213
62
33
1213
53
23
1213
33
18
1213
49
18
1213
108
50
1213
888
556
1213
879
513
1213
19
5
1213
74
46
1213
120
61
1213
96
53
1213
102
53
1213
831
524
1213
1091
633
1213
15
8
1213
56
27
1213
26
11
1213
88
36
1213
85
43
1213
100
53
1213
103
62
1213
69
36
1213
37
16
1213
35
13
1213
620
394
1213
20
11
1213
13
9
1213
50
30
1213
99
62
1213
293
164
1213
105
74
1213
137
90
1213
692
338
1213
22
12
1213
172
38
1213
276
113
1213
45
25
1213
61
28
1213
477
216
1213
76
33
1213
158
38
1213
203
58
1213
180
86
1213
54
27
1213
658
414
1213
37
21
1213
19
12
1213
20
9
1213
191
91
1213
186
92
1213
287
145
1213
594
342
1213
13
4
1213
21
12
1213
397
239
1213
791
489
1213
575
359
1213
500
282
1213
706
437
1213
482
271
1213
372
227
1213
986
556
1213
802
486
1213
764
461
1213
761
487
1213
333
181
1213
941
495
1213
139
59
1213
194
132
1213
661
381
1213
202
106
1213
667
421
1213
1222
765
1213
115
47
1213
176
77
1213
1197
484
1213
23
15
1213
33
18
1213
7
3
1213
20
8
1213
29
14
1213
29
15
1213
30
15
1213
41
21
1213
34
19
1213
25
9
1213
21
9
1213
38
25
1213
34
17
1213
58
24
1213
21
10
1213
122
64
1213
15
8
1213
59
28
1213
107
53
1213
39
18
1213
18
8
1213
51
29
1213
314
166
1213
1465
777
1213
576
335
1213
162
67
1213
458
277
1213
83
48
1213
322
175
1213
78
44
1213
1504
543
1213
28
17
1213
1508
708
1213
181
96
1213
283
143
1213
21
10
1213
89
54
1213
71
34
1213
142
78
1213
160
32
1213
13
5
1213
17
8
1213
17
5
1213
17
6
1213
15
5
1213
20
9
1213
9
5
1213
898
528
1213
60
24
1213
52
30
1213
73
38
1213
104
47
1213
72
40
1213
88
45
1213
13
7
1213
24
12
1213
62
37
1213
27
15
1213
28
14
1213
26
13
1213
57
27
1213
33
10
1213
51
21
1213
104
48
1213
126
56
1213
147
74
1213
533
264
1213
42
21
1213
31
14
1213
214
110
1213
83
45
1213
147
48
1213
194
76
1213
119
56
1213
169
33
1213
30
16
1213
86
51
1213
367
146
1213
22
12
1213
27
13
1213
174
102
1213
471
227
1213
198
79
1213
26
16
1213
104
27
1213
19
12
1213
67
28
1213
50
24
1213
494
239
1213
17
9
1213
331
188
1213
26
12
1213
71
37
1213
33
14
1213
27
11
1213
130
73
1213
336
141
1213
577
320
1213
430
192
1213
517
319
1213
286
127
1213
1802
1152
1213
375
192
1213
664
369
1213
1256
745
1213
519
302
1213
244
132
1213
1794
1137
1213
654
383
1213
35
19
1213
27
12
1213
91
50
1213
30
21
1213
45
20
1213
42
22
1213
47
27
1213
684
445
1213
684
445
1213
49
27
1213
27
13
1213
52
30
1213
25
10
1213
19
7
1213
31
12
1213
45
19
1213
27
11
1213
67
36
1213
243
147
1213
35
19
1213
80
49
1213
73
43
1213
40
18
1213
64
43
1213
59
28
1213
474
201
1213
69
38
1213
55
28
1213
46
33
1213
19
8
1213
373
227
1213
20
9
1213
291
165
1213
77
38
1213
27
18
1213
20
8
1213
29
13
1213
65
29
1213
42
20
1213
415
174
1213
79
45
1213
24
14
1213
44
19
1213
330
171
1213
45
25
1213
70
30
1213
14
3
1213
7
1
1213
1243
743
1213
946
572
1213
28
13
1213
1020
605
1213
39
22
1213
413
268
1213
87
44
1213
29
13
1213
56
27
1213
63
35
1213
70
35
1213
37
18
1213
52
32
1213
19
13
1213
47
29
1213
9
5
1213
684
445
1213
684
445
1213
89
36
1213
76
41
1213
26
12
1213
182
95
1213
64
24
1213
23
11
1213
76
27
1213
176
59
1213
473
217
1213
252
80
1213
1015
379
1213
149
84
1213
183
106
1213
49
30
1213
47
25
1213
260
103
1213
487
164
1213
149
32
1213
110
62
1213
188
57
1213
267
35
1213
5
3
1213
291
102
1213
52
26
1213
168
84
1213
69
37
1213
36
23
1213
25
13
1213
19
5
1213
15
7
1213
24
8
1213
10
4
1213
52
23
1213
1136
529
1213
828
496
1213
416
210
1213
368
184
1213
274
143
1213
240
123
1213
152
73
1213
915
542
1213
573
292
1213
110
58
1213
301
159
1213
54
32
1213
1001
590
1213
282
211
1213
571
259
1213
1744
1057
1213
85
58
1213
67
36
1213
28
17
1213
452
206
1213
1372
515
1213
161
80
1213
173
90
1213
512
308
1213
88
34
1213
608
320
1213
42
4
1213
78
34
1213
39
16
1213
49
22
1213
148
70
1213
90
53
1213
32
17
1213
26
14
1213
24
13
1213
40
22
1213
124
58
1213
66
31
1213
156
80
1213
27
12
1213
107
44
1213
13
8
1213
37
19
1213
105
66
1213
19
6
1213
15
3
1213
46
24
1213
412
250
1213
36
15
1213
152
68
1213
56
28
1213
9
5
1213
138
87
1213
90
53
1213
20
12
1213
265
152
1213
684
445
1213
66
30
1213
41
29
1213
102
53
1213
31
13
1213
399
187
1213
568
304
1213
838
391
1213
341
200
1213
137
77
1213
16
9
1213
66
37
1213
29
16
1213
57
32
1213
197
94
1213
289
128
1213
164
90
1213
160
93
1213
73
43
1213
220
111
1213
35
13
1213
229
101
1213
45
22
1213
157
74
1213
360
149
1213
27
12
1213
169
72
1213
52
33
1213
488
184
1213
184
79
1213
286
114
1213
315
103
1213
40
22
1213
497
218
1213
23
13
1213
28
13
1213
46
25
1213
166
31
1213
426
221
1213
42
22
1213
28
14
1213
194
105
1213
61
27
1213
402
214
1213
592
258
1213
109
61
1213
119
59
1213
10
2
1213
21
10
1213
57
33
1213
142
82
1213
18
10
1213
21
14
1213
186
84
1213
16
8
1213
14
7
1213
17
11
1213
661
381
1213
8
6
1213
77
49
1213
515
292
1213
229
125
1213
982
564
1213
1299
735
1213
986
556
1213
1391
424
1213
461
277
1213
92
46
1213
105
54
1213
88
48
1213
933
449
1213
903
493
1213
131
42
1213
28
10
1213
93
42
1213
96
48
1213
27
13
1213
33
15
1213
16
9
1213
65
33
1213
24
15
1213
23
14
1213
23
7
1213
14
7
1213
677
259
1213
2067
1162
1213
109
61
1213
19
7
1213
40
12
1213
188
103
1213
1521
734
1213
8088
3901
1213
17
9
1213
70
38
1213
49
26
1213
85
44
1213
29
19
1213
103
57
1213
305
174
1213
55
25
1213
49
24
1213
80
41
1213
11
4
1213
32
13
1213
40
15
1213
16
5
1213
43
23
1213
18
10
1213
113
61
1213
438
177
1213
39
20
1213
15
7
1213
0
0
1213
55
34
1213
25
11
1213
49
27
1213
49
27
1213
241
119
1213
19
12
1213
109
51
1213
127
71
1213
176
100
1213
494
239
1213
10
7
1213
16
10
1213
19
12
1213
13
5
1213
19
7
1213
8
4
1213
11
3
1213
11
6
1213
30
16
1213
23
9
1213
410
250
1213
88
40
1213
432
242
1213
67
34
1213
42
19
1213
271
123
1213
171
63
1213
48
26
1213
33
15
1213
24
10
1213
548
289
1213
118
53
1213
114
68
1213
1284
574
1213
305
137
1213
194
78
1213
113
56
1213
13
8
1213
72
38
1213
964
410
1213
275
88
1213
319
149
1213
26
10
1213
31
17
1213
14
7
1213
105
54
1213
17
11
1213
19
4
1213
70
29
1213
19
7
1213
212
116
1213
11
5
1213
73
43
1213
173
85
1213
24
13
1213
293
166
1213
264
125
1213
314
152
1213
26
11
1213
92
46
1213
80
49
1213
237
124
1213
9
8
1213
18
8
1213
195
119
1213
78
44
1213
67
36
1213
34
16
1213
60
30
1213
666
359
1213
75
47
1213
258
139
1213
58
32
1213
92
46
1213
107
44
1213
98
53
1213
32
14
1213
10
7
1213
70
36
1213
15
10
1213
79
37
1213
69
45
1213
50
30
1213
57
33
1213
114
68
1213
67
34
1213
153
84
1213
233
126
1213
44
25
1213
101
61
1213
92
43
1213
243
130
1213
100
52
1213
110
66
1213
10
4
1213
25
10
1213
213
62
1213
171
37
1213
29
15
1213
69
48
1213
134
68
1213
43
20
1213
47
27
1213
175
74
1213
285
94
1213
62
31
1213
8
2
1213
15
4
1213
10
5
1213
15
8
1213
8
1
1213
12
5
1213
12
4
1213
18
6
1213
13
6
1213
24
9
1213
13
6
1213
16
4
1213
16
9
1213
13
5
1213
17
7
1213
25
14
1213
69
36
1213
94
46
1213
14
4
1213
18
10
1213
202
87
1213
536
222
1213
196
100
1213
66
36
1213
26
12
1213
99
44
1213
348
74
1213
161
99
1213
18
9
1213
34
19
1213
58
32
1213
72
36
1213
33
14
1213
121
74
1213
74
46
1213
42
22
1213
30
13
1213
95
52
1213
74
42
1213
174
78
1213
59
30
1213
22
14
1213
21
10
1213
23
13
1213
32
12
1213
594
145
1213
121
71
1213
295
188
1213
941
495
1213
877
489
1213
733
435
1213
397
227
1213
1257
639
1213
964
548
1213
470
282
1213
182
95
1213
204
106
1213
207
103
1213
37
24
1213
130
63
1213
410
192
1213
101
38
1213
115
64
1213
477
212
1213
184
54
1213
684
445
1213
1360
774
1213
114
60
1213
27
13
1213
294
147
1213
50
22
1213
49
28
1213
34
18
1213
19
8
1213
32
16
1213
171
113
1213
26
11
1213
15
9
1213
47
23
1213
33
25
1213
127
65
1213
64
37
1213
169
80
1213
29
16
1213
36
24
1213
615
325
1213
534
254
1213
100
58
1213
425
213
1213
94
53
1213
159
83
1213
52
30
1213
177
112
1213
90
40
1213
130
84
1213
114
60
1213
268
136
1213
180
91
1213
429
190
1213
256
129
1213
215
122
1213
139
85
1213
66
32
1213
179
93
1213
21
9
1213
44
21
1213
27
17
1213
87
40
1213
42
21
1213
53
27
1213
883
467
1213
49
27
1213
48
27
1213
244
111
1213
59
25
1213
11
6
1213
24
8
1213
15
5
1213
1052
651
1213
193
85
1213
345
170
1213
321
135
1213
60
31
1213
267
148
1213
25
11
1213
88
57
1213
98
51
1213
432
190
1213
195
120
1213
25
15
1213
19
12
1213
7
1
1213
14
7
1213
10
2
1213
11
6
1213
17
9
1213
14
6
1213
13
4
1213
28
19
1213
137
64
1213
1001
601
1213
37
20
1213
190
114
1213
27
13
1213
106
48
1213
33
13
1213
289
174
1213
194
78
1213
52
26
1213
319
134
1213
16
10
1213
15
5
1213
106
54
1213
33
22
1213
18
11
1213
67
27
1213
273
104
1213
16
6
1213
46
23
1213
533
264
1213
74
42
1213
55
30
1213
230
118
1213
240
136
1213
59
38
1213
630
306
1213
323
190
1213
578
352
1213
530
317
1213
283
104
1213
826
549
1213
31
13
1213
192
93
1213
48
29
1213
15
6
1213
30
15
1213
51
25
1213
298
138
1213
75
37
1213
590
257
1213
34
13
1213
13
6
1213
23
8
1213
25
13
1213
1107
442
1213
32
16
1213
111
61
1213
21
12
1213
91
38
1213
35
16
1213
28
11
1213
27
12
1213
180
102
1213
38
22
1213
258
139
1213
558
308
1213
38
24
1213
687
365
1213
284
151
1213
1453
557
1213
145
78
1213
193
126
1213
127
90
1213
494
220
1213
254
133
1213
400
210
1213
85
54
1213
556
293
1213
126
70
1213
210
128
1213
73
44
1213
92
50
1213
234
115
1213
221
85
1213
94
41
1213
18
8
1213
18833
10025
1213
1793
801
1213
78
42
1213
281
170
1213
973
557
1213
74
44
1213
47
30
1213
235
148
1213
60
35
1213
35
15
1213
53
32
1213
27
17
1213
17
11
1213
19
9
1213
495
218
1213
36
16
1213
47
31
1213
34
18
1213
17
13
1213
43
19
1213
93
48
1213
623
368
1213
23
12
1213
63
24
1213
47
27
1213
575
322
1213
33
18
1213
102
46
1213
754
354
1213
199
96
1213
20
10
1213
386
168
1213
63
30
1213
207
91
1213
14
8
1213
106
33
1213
213
118
1213
36
17
1213
229
63
1213
670
170
1213
52
27
1213
15
11
1213
62
33
1213
72
38
1213
70
42
1213
484
206
1213
33
17
1213
489
250
1213
251
105
1213
89
51
1213
319
149
1213
81
17
1213
19
9
1213
83
48
1213
69
32
1213
37
23
1213
34
17
1213
170
81
1213
52
23
1213
49
26
1213
32
13
1213
380
177
1213
19
10
1213
62
26
1213
77
43
1213
60
34
1213
152
82
1213
197
131
1213
432
267
1213
1158
677
1213
891
476
1213
667
421
1213
519
302
1213
263
131
1213
275
152
1213
198
88
1213
76
24
1213
327
141
1213
58
30
1213
161
80
1213
618
264
1213
107
52
1213
147
74
1213
221
100
1213
30
13
1213
32
14
1213
80
44
1213
42
24
1213
17
6
1213
36
18
1213
19
5
1213
18
9
1213
109
61
1213
25
14
1213
45
23
1213
91
45
1213
568
304
1213
316
108
1213
43
24
1213
23
12
1213
297
195
1213
661
254
1213
93
49
1213
315
150
1213
54
24
1213
174
97
1213
75
22
1213
23
16
1213
48
28
1213
17
9
1213
33
19
1213
36
19
1213
41
20
1213
22
10
1213
102
49
1213
40
18
1213
28
13
1213
57
33
1213
49
27
1213
256
83
1213
47
27
1213
38
24
1213
969
578
1213
1869
744
1213
233
125
1213
21
6
1213
156
84
1213
185
89
1213
182
121
1213
29
18
1213
752
460
1213
134
75
1213
43
22
1213
133
78
1213
24
12
1213
168
84
1213
19
16
1213
19
13
1213
81
37
1213
18
5
1213
34
13
1213
36
16
1213
36
17
1213
231
113
1213
30
14
1213
62
34
1213
18
10
1630
Girls.txt_148
33
Girls.txt_149
892
Girls.txt_146
51
Girls.txt_147
36
Girls.txt_144
9
Girls.txt_145
22
Girls.txt_142
73
Girls.txt_143
19
Girls.txt_140
11
Girls.txt_141
19
Mobile.txt_15
18
Mobile.txt_14
14
Mobile.txt_17
25
Mobile.txt_16
11
Mobile.txt_11
150
Mobile.txt_10
33
Mobile.txt_13
5
Mobile.txt_12
38
Mobile.txt_19
109
Mobile.txt_18
8
Basketball.txt_141
12
Basketball.txt_140
10
Basketball.txt_143
308
Basketball.txt_142
5
Basketball.txt_145
320
Basketball.txt_144
10
Basketball.txt_147
7
Basketball.txt_146
33
Basketball.txt_149
275
V_Suggestions.txt_151
69
V_Suggestions.txt_152
25
V_Suggestions.txt_153
20
V_Suggestions.txt_154
28
V_Suggestions.txt_155
40
V_Suggestions.txt_156
41
V_Suggestions.txt_157
50
Stock.txt_8
11
Stock.txt_9
44
Stock.txt_6
11
Stock.txt_7
23
Stock.txt_4
12
Stock.txt_5
56
Stock.txt_2
24
Stock.txt_3
6
Stock.txt_1
62
V_Suggestions.txt_18
89
V_Suggestions.txt_19
39
V_Suggestions.txt_16
130
V_Suggestions.txt_17
29
V_Suggestions.txt_14
40
V_Suggestions.txt_15
102
V_Suggestions.txt_12
20
V_Suggestions.txt_13
68
V_Suggestions.txt_10
47
V_Suggestions.txt_11
11
Mobile.txt_139
28
Mobile.txt_138
25
Mobile.txt_137
33
Mobile.txt_136
4
Mobile.txt_135
12
Mobile.txt_134
44
Mobile.txt_133
33
Mobile.txt_132
13
Mobile.txt_131
82
Mobile.txt_130
13
WarAndPeace.txt_90
60
WarAndPeace.txt_28
112
WarAndPeace.txt_29
77
WarAndPeace.txt_26
14
WarAndPeace.txt_27
53
WarAndPeace.txt_24
126
WarAndPeace.txt_25
51
WarAndPeace.txt_22
64
WarAndPeace.txt_23
86
WarAndPeace.txt_20
95
WarAndPeace.txt_21
103
D_Computer.txt_57
18
D_Computer.txt_56
19
D_Computer.txt_55
17
D_Computer.txt_54
39
D_Computer.txt_53
173
D_Computer.txt_52
6
D_Computer.txt_51
11
D_Computer.txt_50
32
D_Computer.txt_59
41
D_Computer.txt_58
39
Stock.txt_156
220
Stock.txt_157
33
Stock.txt_154
18
Stock.txt_155
25
Stock.txt_152
15
Stock.txt_153
18
Stock.txt_150
6
Stock.txt_151
6
Stock.txt_158
18
Stock.txt_159
36
Girls.txt_170
8
FleaMarket.txt_122
11
FleaMarket.txt_123
7
FleaMarket.txt_120
21
FleaMarket.txt_121
24
FleaMarket.txt_126
34
FleaMarket.txt_127
44
FleaMarket.txt_124
8
FleaMarket.txt_125
6
FleaMarket.txt_128
14
FleaMarket.txt_129
37
WarAndPeace.txt_119
164
WarAndPeace.txt_118
57
WarAndPeace.txt_117
57
WarAndPeace.txt_116
54
WarAndPeace.txt_115
64
WarAndPeace.txt_114
15
WarAndPeace.txt_113
77
WarAndPeace.txt_112
170
WarAndPeace.txt_111
64
Basketball.txt_29
7
WorldFootball.txt_48
9
WorldFootball.txt_49
8
WorldFootball.txt_44
18
WorldFootball.txt_45
9
WorldFootball.txt_46
3
WorldFootball.txt_47
2
WorldFootball.txt_40
10
WorldFootball.txt_41
10
WorldFootball.txt_42
2
WorldFootball.txt_43
4
Basketball.txt_174
57
Basketball.txt_175
150
Basketball.txt_176
17
Basketball.txt_177
195
Basketball.txt_170
9
Basketball.txt_171
196
Basketball.txt_172
47
Basketball.txt_173
16
Basketball.txt_178
6
Girls.txt_19
82
Girls.txt_18
167
Girls.txt_11
14
Girls.txt_10
54
Girls.txt_13
18
Girls.txt_12
27
Girls.txt_15
34
Girls.txt_14
53
Girls.txt_17
104
Girls.txt_16
30
V_Suggestions.txt_158
30
V_Suggestions.txt_159
23
V_Suggestions.txt_150
8
Basketball.txt_148
28
Mobile.txt_148
23
Mobile.txt_149
15
Mobile.txt_142
60
Mobile.txt_143
14
Mobile.txt_140
35
Mobile.txt_141
21
Mobile.txt_146
21
Mobile.txt_147
47
Mobile.txt_144
39
Mobile.txt_145
21
WarAndPeace.txt_39
90
WarAndPeace.txt_38
46
WarAndPeace.txt_35
88
WarAndPeace.txt_34
56
WarAndPeace.txt_37
90
WarAndPeace.txt_36
44
WarAndPeace.txt_31
119
WarAndPeace.txt_30
135
WarAndPeace.txt_33
141
WarAndPeace.txt_32
28
D_Computer.txt_48
16
D_Computer.txt_49
204
D_Computer.txt_40
52
D_Computer.txt_41
60
D_Computer.txt_42
4
D_Computer.txt_43
66
D_Computer.txt_44
56
D_Computer.txt_45
44
D_Computer.txt_46
437
D_Computer.txt_47
66
Stock.txt_38
1
Stock.txt_39
23
Stock.txt_36
62
Stock.txt_37
11
Stock.txt_34
27
Stock.txt_35
5
Stock.txt_32
7
Stock.txt_33
13
Stock.txt_30
48
Stock.txt_31
171
Stock.txt_163
17
Stock.txt_162
11
Stock.txt_161
517
Stock.txt_160
18
Stock.txt_167
3
Stock.txt_166
19
Stock.txt_165
17
Stock.txt_164
13
Stock.txt_169
20
Stock.txt_168
14
Girls.txt_164
50
Girls.txt_165
26
Girls.txt_166
22
Girls.txt_167
28
Girls.txt_160
50
Girls.txt_161
13
Girls.txt_162
71
Girls.txt_163
15
Girls.txt_168
18
Girls.txt_169
427
FleaMarket.txt_65
27
Mobile.txt_33
20
Mobile.txt_32
31
Mobile.txt_31
25
Mobile.txt_30
5
Mobile.txt_37
36
Mobile.txt_36
64
Mobile.txt_35
24
Mobile.txt_34
91
Mobile.txt_39
8
Mobile.txt_38
9
FleaMarket.txt_131
28
FleaMarket.txt_130
6
FleaMarket.txt_133
12
FleaMarket.txt_132
43
FleaMarket.txt_135
194
FleaMarket.txt_134
11
FleaMarket.txt_137
16
FleaMarket.txt_136
17
FleaMarket.txt_139
11
FleaMarket.txt_138
16
WarAndPeace.txt_108
69
WarAndPeace.txt_109
291
WarAndPeace.txt_104
76
WarAndPeace.txt_105
41
WarAndPeace.txt_106
11
WarAndPeace.txt_107
54
WarAndPeace.txt_100
123
WarAndPeace.txt_101
60
WarAndPeace.txt_102
53
WarAndPeace.txt_103
93
WorldFootball.txt_59
10
WorldFootball.txt_58
8
WorldFootball.txt_57
28
WorldFootball.txt_56
13
WorldFootball.txt_55
9
WorldFootball.txt_54
4
WorldFootball.txt_53
4
WorldFootball.txt_52
8
WorldFootball.txt_51
7
WorldFootball.txt_50
3
Basketball.txt_169
9
Basketball.txt_168
15
Basketball.txt_163
5
Basketball.txt_162
180
Basketball.txt_161
6
Basketball.txt_160
36
Basketball.txt_167
26
Basketball.txt_166
12
Basketball.txt_165
19
Basketball.txt_164
15
JobExpress.txt_8
413
JobExpress.txt_9
465
JobExpress.txt_4
80
JobExpress.txt_5
124
JobExpress.txt_6
163
JobExpress.txt_7
204
JobExpress.txt_1
138
JobExpress.txt_2
196
JobExpress.txt_3
262
WarAndPeace.txt_7
54
WarAndPeace.txt_6
123
WarAndPeace.txt_5
95
WarAndPeace.txt_4
38
WarAndPeace.txt_3
77
WarAndPeace.txt_2
8
WarAndPeace.txt_1
90
WarAndPeace.txt_9
79
WarAndPeace.txt_8
46
Mobile.txt_159
16
Mobile.txt_158
127
Mobile.txt_151
50
Mobile.txt_150
12
Mobile.txt_153
9
Mobile.txt_152
24
Mobile.txt_155
50
Mobile.txt_154
15
Mobile.txt_157
11
Mobile.txt_156
249
Basketball.txt_28
17
WarAndPeace.txt_96
28
JobExpress.txt_89
122
JobExpress.txt_88
221
JobExpress.txt_85
202
JobExpress.txt_84
180
JobExpress.txt_87
124
JobExpress.txt_86
206
JobExpress.txt_81
237
JobExpress.txt_80
226
JobExpress.txt_83
222
JobExpress.txt_82
239
D_Computer.txt_39
8
D_Computer.txt_38
66
D_Computer.txt_35
33
D_Computer.txt_34
43
D_Computer.txt_37
19
D_Computer.txt_36
90
D_Computer.txt_31
110
D_Computer.txt_30
332
D_Computer.txt_33
339
D_Computer.txt_32
160
Stock.txt_29
6
Stock.txt_28
17
Stock.txt_21
24
Stock.txt_20
22
Stock.txt_23
9
Stock.txt_22
22
Stock.txt_25
43
Stock.txt_24
44
Stock.txt_27
13
Stock.txt_26
25
Stock.txt_178
14
Stock.txt_179
2
Stock.txt_174
4
Stock.txt_175
17
Stock.txt_176
20
Stock.txt_177
7
Stock.txt_170
3
Stock.txt_171
19
Stock.txt_172
32
Stock.txt_173
50
Girls.txt_111
247
Girls.txt_110
64
Girls.txt_113
126
Girls.txt_112
15
Girls.txt_115
32
Girls.txt_114
24
Girls.txt_117
22
Girls.txt_116
12
Girls.txt_119
45
Girls.txt_118
66
Mobile.txt_28
6
Mobile.txt_29
50
Mobile.txt_24
12
Mobile.txt_25
20
Mobile.txt_26
24
Mobile.txt_27
42
Mobile.txt_20
35
Mobile.txt_21
24
Mobile.txt_22
11
Mobile.txt_23
29
WorldFootball.txt_9
59
WorldFootball.txt_8
10
WorldFootball.txt_7
100
WorldFootball.txt_6
124
WorldFootball.txt_5
5
WorldFootball.txt_4
20
WorldFootball.txt_3
37
WorldFootball.txt_2
50
WorldFootball.txt_1
27
FleaMarket.txt_104
10
FleaMarket.txt_105
9
FleaMarket.txt_106
282
FleaMarket.txt_107
14
FleaMarket.txt_100
9
FleaMarket.txt_101
7
FleaMarket.txt_102
31
FleaMarket.txt_103
187
FleaMarket.txt_108
23
FleaMarket.txt_109
10
WarAndPeace.txt_131
54
WarAndPeace.txt_130
122
WarAndPeace.txt_133
61
WarAndPeace.txt_132
20
WarAndPeace.txt_135
44
WarAndPeace.txt_134
27
WarAndPeace.txt_137
53
WarAndPeace.txt_136
65
WarAndPeace.txt_139
44
WarAndPeace.txt_138
246
WorldFootball.txt_68
103
WorldFootball.txt_69
232
WorldFootball.txt_62
68
WorldFootball.txt_63
3
WorldFootball.txt_60
9
WorldFootball.txt_61
13
WorldFootball.txt_66
19
WorldFootball.txt_67
17
WorldFootball.txt_64
6
WorldFootball.txt_65
11
Basketball.txt_118
60
Basketball.txt_119
10
Basketball.txt_116
43
Basketball.txt_117
45
Basketball.txt_114
57
Basketball.txt_115
59
Basketball.txt_112
21
Basketball.txt_113
57
Basketball.txt_110
83
Basketball.txt_111
16
Basketball.txt_44
98
WarAndPeace.txt_19
59
Basketball.txt_43
116
Basketball.txt_42
52
Mobile.txt_164
30
Mobile.txt_165
6
Mobile.txt_166
46
Mobile.txt_167
18
Mobile.txt_160
570
Mobile.txt_161
20
Mobile.txt_162
27
Mobile.txt_163
22
Mobile.txt_168
7
Mobile.txt_169
18
Mobile.txt_188
556
